Gene name	miR-486-5p	miR-451a	miR-144-3p	miR-412-5p	miR-150-5p	miR-155-5p	miR-29b-3p	miR-223-3p	miR-140-3p	miR-142-3p	miR-15a-5p	miR-197-3p	miR-338-3p	miR-625-3p	miR-132-3p	miR-511-5p
Red_blood_cell	504560.2925	143717.1326	17214.9911	0	207.0058	21.3248	34.4619	82.8146	860.2569	541.0199	8909.1004	13.89	0	5.5775	13.0909	0
Erythroblast_derived	478698.3697	5177.84755	187.6554	3.850575	3.61485	244.75095	20.74245	714.800675	1517.3491	533.34685	397.840825	612.09825	2.90265	81.9543	131.7004	1.020875
Platelet	249173.9359	436.8888	58.6669	18.5655	22.5895	347.2514	19.6512	1398.6609	3378.4352	1627.5443	477.8557	505.1493	17.5881	263.277	22.7581	0
Megakaryocyte_derived	223920.1914	31.39035	32.789575	36.085675	1.829925	65.52605	5.307775	493.113425	1860.447925	549.1232	124.862325	32.59535	6.85665	120.130825	5.537425	0
B_cell_germinal_center	61879.7112	211.52825	28.8298	0	827.37655	10089.2843	242.86895	298.13705	2478.08985	3019.0078	2150.6056	371.6623	8.657	53.52365	50.2343	0
Hematopoietic_stem_cell	11950.68215	26.96455	0	3887.757875	170.50695	12156.42638	0	2808.288325	395.9492	94.906775	210.88705	298.486725	0	62.305925	22.75725	0
B_lymphycyte	246.0996	4413.8155	136.149	0	326954.3527	33984.0768	37642.9084	14770.64843	31207.58342	8206.131425	2431.278025	408.121775	31.724025	556.583275	50.22975	0
Natural_killer_cell	454.31315	33.1691	1.3572	0	148333.5865	1126.7428	2058.837	837.1229	10104.8297	10478.86935	3019.59275	1526.61265	711.2491	73.69085	58.27685	0
T_lymphocyte	19174.9929	62.69725	1.793475	0	177085.7305	5381.748025	58.224625	1045.711875	3369.96745	2866.3218	436.789225	2254.708275	3.0191	116.92975	416.13955	0.792075
CD19_lymphocyte	12923.11382	28.287675	2.4617	0	94065.36265	6090.40845	1318.0615	1254.80585	5562.51395	12320.80223	8836.401175	452.6395	44.71325	114.8593	39.23495	0
CD4_lymphocyte	1997.661775	44.990625	2.3596	0	106655.2116	12970.3352	1491.291925	360.324	8951.4928	14619.7883	2347.711725	518.148975	42.3545	100.199475	113.294675	0
CD8_lymphocyte	1944.808575	61.335925	3.9026	0	133634.1519	3164.97635	947.2681	326.74775	4438.846475	12380.87608	2282.9244	907.514675	53.077325	74.653425	93.016075	0
CD27_IgA_cell	10581.56005	2.91125	0.3787	0	31332.57805	30185.5866	778.251	673.92005	6050.3059	314.40025	2146.28475	117.99255	6.54925	342.37495	68.475	0
CD27_IgD_cell	13312.0255	3.084125	0.116775	0	16762.39645	32300.10885	576.9941	750.769975	5205.57915	708.28735	4465.50505	95.948175	4.89275	198.15545	13.158225	0
CD27_IgG_cell	13765.7198	1.7752	0.08845	0.62475	24468.96315	33143.40995	314.50465	399.07825	5585.73465	184.643	1390.20415	117.57035	5.52215	258.5654	64.8885	0
Mononuclear_immune_cell	34863.87348	3655.1908	95.987175	5.3501	39595.4687	3489.5133	638.6985	8951.406775	7568.805425	5233.0594	2143.0298	1172.58655	115.249375	211.86135	85.097675	0.6167
Neutrophil	20127.06065	10275.4252	79.15985	2.96405	2101.51465	87.3782	254.0692	135865.9634	11083.9618	6627.0605	3065.00455	5628.7901	4327.5506	30.12265	68.1889	0
CD15_cell	5554.9234	868.388575	151.787825	0	1856.777	289.41175	159.514075	144948.3409	6872.9509	5536.5973	4386.477825	2752.244225	1213.601125	30.776325	158.747775	0
Plasma_cell	3532.73085	674.589	73.3557	0	2259.288575	7669.757625	1459.130175	1190.434525	28321.72725	140.398075	382.847475	353.84715	137.059275	80.108275	16.049125	0
Lymphocyte	1252.6163	973.9346	107.4086	0	638.6456	158.2099	177.079	207.5598	615.4221	2978.4109	500.7562	85.6366	0	175.6275	36.2867	0
B_cell_naive	310.3927	90.3933	1.0185	0	748.0999	2762.9789	482.5219	320.5779	82469.9926	269.9067	395.6934	22.662	0	28.7731	0	0
B_cell_pre_germinal_center	38.5534	5.02	0	0	876.6892	3091.3034	142.7682	228.7103	47546.234	124.4955	369.4705	45.3806	0	31.7263	4.8192	0
Centroblast	92.3003	10.3144	0	0	175.8731	2827.9868	126.1526	40.993	34352.3836	121.1277	348.3081	56.5968	0	21.9511	8.992	0
Centrocyte	125.1039	2.9858	0	0	198.2554	4466.1198	105.995	41.2037	33750.8838	122.7153	303.6532	66.2842	0	28.0663	8.3602	0
Monocyte	14293.1717	0	0	3.7499	993.0168	4505.412	13.7586	2365.5195	7674.9033	17.3853	850.6051	2223.3529	65.6956	60.5095	1127.0119	2.5827
CD56_cell	374.9082	21.6757	2.2422	0	48401.6171	1222.5587	245.6881	653.8524	3262.0174	10185.0207	3244.1035	909.6019	949.5423	31.9221	198.7042	0
CD14_cell	1784.768775	9.242875	1.846275	0	478.49675	1012.31905	108.094	18849.911	4506.079475	8646.315475	3672.364325	1660.337375	317.12095	21.891	81.710625	2.3419
Mast_cell	73.8237	36.01625	0	1.2874	878.486225	159.810175	355.7628	2191.939725	2481.02025	2501.975375	944.263675	815.6034	326.2869	18.291725	242.8589	0
Thymocyte_CD34	124.90625	12.983125	0	0	1898.843725	4981.8085	13.13685	1030.446275	927.3926	614.07025	1399.811175	577.309925	24.972325	174.535875	86.491975	2.5268
Thymocyte_CD4_CD8	66.57965	9.5473	0	0	12050.16628	1236.42775	13.37455	8.242475	1322.777275	3499.17905	5179.35875	558.0021	10.21945	245.346225	58.3071	0.5163
Macrophage_alveolar	9114.4307	116.578075	0	0	324.8536	12557.3074	20.298125	1479.2756	3846.0061	77.264275	418.1771	8993.597375	14.01745	0	222.894475	717.2541
Macrophage	420.3618	3.317425	0	0	116.003525	13373.68198	140.65985	6086.3998	3852.514325	1920.363875	1896.8944	2358.097275	946.2752	41.667925	1128.86535	465.29125
Dendritic_cell	1005.3168	5.082975	2.277975	0	769.80375	31678.40755	151.978625	4408.961075	6066.23685	4203.47515	1323.813075	4096.819575	233.2897	10.616075	4624.8945	1306.22695
